                                                                                
                                                                                
                                                                                
                              0000                                              
                                                                                
                            00000000                                            
                                                                                
                          000000000000                                          
                                                                                
                            00000000                                            
                                                                                
                              0000                                              
                                                                                
                                                                                
                                                                                
                                                                                
                                                                                
                                                                                
                                                                                
                                                                                
                                                                                
                                                                                
                                                                                
                                                                                
                                                                                